AD2019 BIP2021 LBD2020 MDD2019 PD2019.meta5.ex23andMe SCZ2018
AD2019 1 0.00628 0.02589 0.01946 0.01193 0.0115
BIP2021 0.00628 1 0.008 0.05997 -0.0015 0.12928
LBD2020 0.02589 0.008 1 4e-04 0.01281 0.00661
MDD2019 0.01946 0.05997 4e-04 1 0.00436 0.03615
PD2019.meta5.ex23andMe 0.01193 -0.0015 0.01281 0.00436 1 0.00295
SCZ2018 0.0115 0.12928 0.00661 0.03615 0.00295 1
